0.00000 0.00000 0.00000 0.00000 0.00000 0.00000 0.00000 0.40638 0.00000 0.00000 0.00000 0.00000 0.00000 0.00000 0.00000 0.00000 0.00000 0.00000 0.00000 0.00000 0.00000 0.00000 0.00000 0.00000 0.00000 0.00000 0.00000 0.00000 0.00000 0.00000 0.00000 0.00000 0.00000 0.40638 0.00000 0.00000 0.00000 0.00000 0.00000 0.00000 0.00000 0.00000 0.00000 0.00000 0.00000 0.00000 0.00000 0.00000 0.00000 0.00000 0.00000 0.00000 0.00000 0.40638 0.00000 0.00000 0.00000 0.00000 0.00000 0.00000 0.00000 0.00000 0.00000 0.00000 0.00000 0.00000 0.00000 0.00000 0.00000 0.00000 0.00000 0.00000 0.40638 0.00000 0.00000 0.00000 0.00000 0.00000 0.00000 0.00000 0.00000 0.00000 0.00000 0.00000 0.00000 0.00000 0.00000 0.00000 0.00000 0.00000 0.34900 0.00000 0.00000 0.00000 0.00000 0.00000 0.00000 0.00000 0.00000 0.00000 0.22910 0.00000 0.00000 0.00000 0.40638 0.00000
0.00000 0.33048 0.00000 0.00000 0.00000 0.00000 0.00000 0.00000 0.00000 0.00000 0.00000 0.00000 0.00000 0.18632 0.00000 0.00000 0.00000 0.00000 0.00000 0.00000 0.00000 0.00000 0.00000 0.00000 0.00000 0.33048 0.00000 0.00000 0.00000 0.00000 0.00000 0.28382 0.00000 0.00000 0.00000 0.00000 0.00000 0.00000 0.00000 0.40811 0.33048 0.00000 0.00000 0.00000 0.00000 0.25072 0.00000 0.00000 0.00000 0.00000 0.00000 0.00000 0.00000 0.00000 0.33048 0.00000 0.00000 0.00000 0.00000 0.00000 0.00000 0.00000 0.00000 0.00000 0.00000 0.00000 0.00000 0.00000 0.00000 0.00000 0.00000 0.33048 0.00000 0.00000 0.00000 0.00000 0.00000 0.00000 0.00000 0.00000 0.33048 0.00000 0.00000 0.00000 0.00000 0.00000 0.00000 0.00000 0.00000 0.00000 0.00000 0.00000 0.00000 0.00000 0.00000 0.00000 0.00000 0.00000 0.00000 0.00000 0.00000 0.00000 0.00000 0.00000 0.00000 0.00000
0.32389 0.00000 0.00000 0.00000 0.00000 0.00000 0.00000 0.00000 0.00000 0.00000 0.00000 0.00000 0.00000 0.00000 0.00000 0.00000 0.00000 0.00000 0.00000 0.00000 0.00000 0.00000 0.00000 0.00000 0.00000 0.00000 0.00000 0.00000 0.00000 0.00000 0.32389 0.00000 0.00000 0.00000 0.00000 0.00000 0.00000 0.00000 0.00000 0.23287 0.00000 0.37714 0.00000 0.00000 0.00000 0.00000 0.00000 0.00000 0.00000 0.00000 0.00000 0.00000 0.32389 0.00000 0.00000 0.00000 0.00000 0.32389 0.00000 0.00000 0.00000 0.00000 0.00000 0.00000 0.00000 0.00000 0.00000 0.00000 0.00000 0.00000 0.00000 0.00000 0.00000 0.00000 0.00000 0.00000 0.37714 0.00000 0.00000 0.23287 0.00000 0.00000 0.00000 0.00000 0.00000 0.00000 0.00000 0.00000 0.00000 0.00000 0.00000 0.00000 0.00000 0.00000 0.00000 0.00000 0.00000 0.00000 0.00000 0.00000 0.21262 0.00000 0.00000 0.00000 0.00000 0.37714
0.26379 0.00000 0.00000 0.00000 0.00000 0.00000 0.00000 0.00000 0.00000 0.00000 0.00000 0.00000 0.00000 0.17316 0.00000 0.00000 0.00000 0.00000 0.00000 0.30715 0.00000 0.00000 0.00000 0.00000 0.00000 0.00000 0.00000 0.00000 0.00000 0.00000 0.26379 0.26379 0.00000 0.00000 0.00000 0.00000 0.00000 0.00000 0.00000 0.18965 0.00000 0.00000 0.00000 0.00000 0.30715 0.00000 0.26379 0.00000 0.00000 0.00000 0.00000 0.00000 0.26379 0.00000 0.00000 0.26379 0.00000 0.26379 0.00000 0.00000 0.00000 0.00000 0.00000 0.00000 0.00000 0.26379 0.00000 0.00000 0.00000 0.00000 0.00000 0.00000 0.00000 0.00000 0.00000 0.00000 0.00000 0.30715 0.00000 0.00000 0.00000 0.00000 0.00000 0.30715 0.00000 0.00000 0.00000 0.00000 0.00000 0.00000 0.00000 0.00000 0.00000 0.00000 0.00000 0.00000 0.00000 0.00000 0.00000 0.00000 0.00000 0.00000 0.00000 0.00000 0.00000 0.00000
0.00000 0.00000 0.00000 0.00000 0.00000 0.00000 0.00000 0.00000 0.00000 0.49657 0.00000 0.00000 0.00000 0.00000 0.00000 0.00000 0.00000 0.00000 0.00000 0.00000 0.00000 0.00000 0.00000 0.00000 0.00000 0.00000 0.00000 0.00000 0.49657 0.00000 0.00000 0.00000 0.00000 0.00000 0.00000 0.00000 0.00000 0.00000 0.00000 0.00000 0.00000 0.00000 0.42646 0.00000 0.00000 0.00000 0.00000 0.00000 0.00000 0.00000 0.00000 0.00000 0.00000 0.00000 0.00000 0.00000 0.00000 0.00000 0.00000 0.00000 0.00000 0.00000 0.00000 0.00000 0.00000 0.00000 0.00000 0.00000 0.00000 0.00000 0.00000 0.00000 0.00000 0.00000 0.00000 0.00000 0.00000 0.00000 0.00000 0.00000 0.00000 0.00000 0.00000 0.00000 0.00000 0.00000 0.00000 0.00000 0.00000 0.00000 0.00000 0.00000 0.00000 0.00000 0.00000 0.00000 0.00000 0.00000 0.00000 0.00000 0.27995 0.00000 0.49657 0.00000 0.00000 0.00000
0.00000 0.00000 0.00000 0.00000 0.00000 0.00000 0.00000 0.00000 0.21269 0.00000 0.00000 0.24766 0.00000 0.13962 0.00000 0.00000 0.00000 0.00000 0.00000 0.00000 0.24766 0.00000 0.00000 0.00000 0.00000 0.00000 0.00000 0.00000 0.00000 0.00000 0.00000 0.00000 0.00000 0.00000 0.00000 0.00000 0.00000 0.18788 0.00000 0.00000 0.00000 0.00000 0.42538 0.00000 0.00000 0.37576 0.00000 0.00000 0.24766 0.00000 0.18788 0.24766 0.00000 0.00000 0.00000 0.00000 0.00000 0.00000 0.00000 0.18788 0.00000 0.00000 0.00000 0.00000 0.21269 0.00000 0.00000 0.24766 0.00000 0.00000 0.00000 0.00000 0.00000 0.00000 0.00000 0.00000 0.00000 0.00000 0.00000 0.15292 0.00000 0.18788 0.00000 0.00000 0.00000 0.00000 0.00000 0.00000 0.00000 0.00000 0.00000 0.00000 0.00000 0.00000 0.00000 0.00000 0.00000 0.00000 0.00000 0.00000 0.00000 0.18788 0.00000 0.24766 0.00000 0.00000
0.00000 0.00000 0.00000 0.00000 0.00000 0.00000 0.00000 0.00000 0.00000 0.00000 0.00000 0.00000 0.00000 0.00000 0.00000 0.00000 0.42304 0.00000 0.00000 0.00000 0.00000 0.00000 0.00000 0.00000 0.00000 0.00000 0.00000 0.00000 0.00000 0.00000 0.00000 0.00000 0.00000 0.00000 0.00000 0.00000 0.00000 0.00000 0.00000 0.00000 0.00000 0.00000 0.00000 0.00000 0.00000 0.00000 0.00000 0.00000 0.00000 0.00000 0.32094 0.00000 0.00000 0.00000 0.00000 0.00000 0.00000 0.00000 0.00000 0.32094 0.00000 0.36331 0.00000 0.00000 0.00000 0.00000 0.00000 0.00000 0.00000 0.00000 0.00000 0.00000 0.00000 0.00000 0.00000 0.42304 0.00000 0.00000 0.00000 0.26121 0.00000 0.00000 0.00000 0.00000 0.00000 0.00000 0.00000 0.00000 0.00000 0.00000 0.00000 0.00000 0.00000 0.00000 0.00000 0.00000 0.42304 0.00000 0.00000 0.00000 0.23850 0.00000 0.00000 0.00000 0.00000 0.00000
0.00000 0.00000 0.00000 0.20902 0.00000 0.00000 0.20902 0.00000 0.00000 0.00000 0.00000 0.00000 0.00000 0.11784 0.20902 0.00000 0.00000 0.00000 0.00000 0.00000 0.00000 0.20902 0.17950 0.00000 0.20902 0.00000 0.00000 0.00000 0.00000 0.00000 0.00000 0.00000 0.00000 0.00000 0.00000 0.00000 0.00000 0.00000 0.00000 0.12906 0.00000 0.00000 0.00000 0.00000 0.00000 0.31713 0.00000 0.20902 0.00000 0.00000 0.00000 0.00000 0.00000 0.00000 0.00000 0.00000 0.20902 0.00000 0.00000 0.00000 0.00000 0.17950 0.00000 0.00000 0.00000 0.00000 0.00000 0.00000 0.00000 0.00000 0.20902 0.00000 0.00000 0.20902 0.20902 0.00000 0.00000 0.00000 0.20902 0.25811 0.00000 0.15857 0.20902 0.00000 0.17950 0.00000 0.00000 0.00000 0.00000 0.00000 0.00000 0.00000 0.20902 0.00000 0.00000 0.20902 0.00000 0.20902 0.00000 0.00000 0.00000 0.15857 0.00000 0.00000 0.00000 0.00000
0.00000 0.00000 0.00000 0.00000 0.00000 0.00000 0.00000 0.00000 0.00000 0.00000 0.49657 0.00000 0.00000 0.00000 0.00000 0.00000 0.00000 0.00000 0.00000 0.00000 0.00000 0.00000 0.00000 0.00000 0.00000 0.00000 0.00000 0.00000 0.00000 0.00000 0.00000 0.00000 0.00000 0.00000 0.00000 0.00000 0.49657 0.00000 0.00000 0.00000 0.00000 0.00000 0.00000 0.00000 0.00000 0.00000 0.00000 0.00000 0.00000 0.00000 0.00000 0.00000 0.00000 0.00000 0.00000 0.00000 0.00000 0.00000 0.00000 0.00000 0.00000 0.00000 0.00000 0.00000 0.00000 0.00000 0.00000 0.00000 0.00000 0.00000 0.00000 0.00000 0.00000 0.00000 0.00000 0.00000 0.00000 0.00000 0.00000 0.00000 0.00000 0.00000 0.00000 0.00000 0.00000 0.00000 0.00000 0.00000 0.00000 0.49657 0.42646 0.00000 0.00000 0.00000 0.00000 0.00000 0.00000 0.00000 0.00000 0.00000 0.27995 0.00000 0.00000 0.00000 0.00000 0.00000
0.00000 0.00000 0.00000 0.00000 0.16640 0.00000 0.00000 0.00000 0.00000 0.00000 0.00000 0.00000 0.16640 0.09381 0.00000 0.00000 0.00000 0.00000 0.00000 0.00000 0.00000 0.00000 0.14291 0.16640 0.00000 0.00000 0.00000 0.00000 0.00000 0.16640 0.00000 0.00000 0.00000 0.00000 0.16640 0.16640 0.00000 0.12624 0.00000 0.00000 0.00000 0.00000 0.00000 0.00000 0.00000 0.00000 0.14291 0.00000 0.00000 0.14291 0.00000 0.00000 0.00000 0.00000 0.00000 0.14291 0.00000 0.00000 0.16640 0.37872 0.00000 0.00000 0.00000 0.00000 0.00000 0.14291 0.16640 0.00000 0.16640 0.00000 0.00000 0.00000 0.00000 0.00000 0.00000 0.00000 0.00000 0.00000 0.00000 0.00000 0.00000 0.12624 0.00000 0.00000 0.14291 0.00000 0.00000 0.16640 0.49921 0.00000 0.00000 0.16640 0.00000 0.16640 0.14291 0.00000 0.00000 0.00000 0.16640 0.00000 0.00000 0.25248 0.00000 0.00000 0.00000 0.00000
0.00000 0.00000 0.00000 0.00000 0.00000 0.37335 0.00000 0.00000 0.00000 0.00000 0.00000 0.00000 0.00000 0.00000 0.00000 0.00000 0.00000 0.00000 0.00000 0.00000 0.00000 0.00000 0.00000 0.00000 0.00000 0.00000 0.00000 0.37335 0.00000 0.00000 0.00000 0.00000 0.00000 0.00000 0.00000 0.00000 0.00000 0.00000 0.37335 0.00000 0.00000 0.00000 0.00000 0.37335 0.00000 0.00000 0.00000 0.00000 0.00000 0.32064 0.00000 0.00000 0.00000 0.00000 0.00000 0.00000 0.00000 0.00000 0.00000 0.00000 0.00000 0.00000 0.00000 0.37335 0.32064 0.00000 0.00000 0.00000 0.00000 0.00000 0.00000 0.00000 0.00000 0.00000 0.00000 0.00000 0.00000 0.00000 0.00000 0.23052 0.00000 0.00000 0.00000 0.00000 0.00000 0.00000 0.00000 0.00000 0.00000 0.00000 0.00000 0.00000 0.00000 0.00000 0.00000 0.00000 0.00000 0.00000 0.00000 0.00000 0.21048 0.00000 0.00000 0.00000 0.00000 0.00000
0.00000 0.00000 0.24641 0.00000 0.00000 0.00000 0.00000 0.00000 0.21162 0.00000 0.00000 0.00000 0.00000 0.13892 0.00000 0.24641 0.00000 0.24641 0.24641 0.00000 0.00000 0.00000 0.00000 0.00000 0.00000 0.00000 0.24641 0.00000 0.00000 0.00000 0.00000 0.00000 0.24641 0.00000 0.00000 0.00000 0.00000 0.18694 0.00000 0.30430 0.00000 0.00000 0.00000 0.00000 0.00000 0.00000 0.00000 0.00000 0.00000 0.00000 0.18694 0.00000 0.00000 0.00000 0.00000 0.00000 0.00000 0.00000 0.00000 0.00000 0.24641 0.00000 0.24641 0.00000 0.00000 0.00000 0.00000 0.00000 0.00000 0.24641 0.00000 0.00000 0.00000 0.00000 0.00000 0.00000 0.00000 0.00000 0.00000 0.00000 0.00000 0.00000 0.00000 0.00000 0.00000 0.24641 0.24641 0.00000 0.00000 0.00000 0.00000 0.00000 0.00000 0.00000 0.21162 0.00000 0.00000 0.00000 0.00000 0.24641 0.00000 0.00000 0.00000 0.00000 0.00000 0.00000
